{
 "cells": [
  {
   "cell_type": "code",
   "execution_count": 10,
   "metadata": {},
   "outputs": [],
   "source": [
    "import numpy as np\n",
    "import pandas as pd\n",
    "import os \n",
    "import json\n",
    "import torch \n",
    "# csv = '/home/xuyi/Data/renderer/output_blender/lego/sample/pc.csv'\n",
    "# base_dir = '/home/xuyi/Data/renderer/output_blender/lego'\n",
    "# csv = '/home/xuyi/Data/renderer/output_partnet/3769/sample/pc.csv'\n",
    "# base_dir = '/home/xuyi/Data/renderer/output_partnet/3769'\n",
    "# csv_f = '/home/xuyi/Data/renderer/output_abo/B01N6AQX0A/sample/pc.csv'\n",
    "csv_f = '/home/xuyi/Data/renderer/output_abo/B01D3C7Z4A/sample/pc.csv'\n",
    "base_dir = '/home/xuyi/Data/renderer/output_abo/B07DBJX741'"
   ]
  },
  {
   "cell_type": "code",
   "execution_count": 12,
   "metadata": {},
   "outputs": [
    {
     "data": {
      "text/plain": [
       "tensor([[[-1.0000e+00,  0.0000e+00,  0.0000e+00,  0.0000e+00],\n",
       "         [ 0.0000e+00,  7.7414e-01, -6.3302e-01,  1.0305e+00],\n",
       "         [ 0.0000e+00, -6.3302e-01, -7.7414e-01,  1.2602e+00],\n",
       "         [ 0.0000e+00,  0.0000e+00,  0.0000e+00,  1.0000e+00]],\n",
       "\n",
       "        [[-9.9211e-01, -9.7025e-02,  7.9338e-02, -1.2915e-01],\n",
       "         [-1.2533e-01,  7.6803e-01, -6.2803e-01,  1.0224e+00],\n",
       "         [ 0.0000e+00, -6.3302e-01, -7.7414e-01,  1.2602e+00],\n",
       "         [ 0.0000e+00,  0.0000e+00,  0.0000e+00,  1.0000e+00]],\n",
       "\n",
       "        [[-9.6858e-01, -1.9241e-01,  1.5756e-01, -2.5649e-01],\n",
       "         [-2.4869e-01,  7.4939e-01, -6.1365e-01,  9.9895e-01],\n",
       "         [-7.4506e-09, -6.3355e-01, -7.7370e-01,  1.2595e+00],\n",
       "         [ 0.0000e+00,  0.0000e+00,  0.0000e+00,  1.0000e+00]],\n",
       "\n",
       "        ...,\n",
       "\n",
       "        [[-9.2978e-01,  2.8240e-01, -2.3615e-01,  3.8442e-01],\n",
       "         [ 3.6812e-01,  7.1326e-01, -5.9645e-01,  9.7095e-01],\n",
       "         [ 0.0000e+00, -6.4149e-01, -7.6713e-01,  1.2488e+00],\n",
       "         [ 0.0000e+00,  0.0000e+00,  0.0000e+00,  1.0000e+00]],\n",
       "\n",
       "        [[-9.6858e-01,  1.9154e-01, -1.5861e-01,  2.5820e-01],\n",
       "         [ 2.4869e-01,  7.4600e-01, -6.1777e-01,  1.0057e+00],\n",
       "         [ 0.0000e+00, -6.3781e-01, -7.7020e-01,  1.2538e+00],\n",
       "         [ 0.0000e+00,  0.0000e+00,  0.0000e+00,  1.0000e+00]],\n",
       "\n",
       "        [[-9.9212e-01,  9.6802e-02, -7.9603e-02,  1.2958e-01],\n",
       "         [ 1.2533e-01,  7.6630e-01, -6.3015e-01,  1.0258e+00],\n",
       "         [ 3.7253e-09, -6.3515e-01, -7.7239e-01,  1.2574e+00],\n",
       "         [ 0.0000e+00,  0.0000e+00,  0.0000e+00,  1.0000e+00]]],\n",
       "       dtype=torch.float64)"
      ]
     },
     "execution_count": 12,
     "metadata": {},
     "output_type": "execute_result"
    }
   ],
   "source": [
    "## read transform.json\n",
    "with open(os.path.join(base_dir,'render', f\"transforms.json\"), 'r') as f:\n",
    "    meta = json.load(f)\n",
    "all_poses=[]\n",
    "blender2opencv = np.array([[1, 0, 0, 0], [0, -1, 0, 0], [0, 0, -1, 0], [0, 0, 0, 1]])\n",
    "for frame in meta ['frames']:\n",
    "    # rgb_path = frame['file_path']\n",
    "    # relative_path = os.path.relpath(rgb_path, dataset_path)\n",
    "    # print(relative_path)\n",
    "    \n",
    "    # intrinsics = intrinsic_for_all\n",
    "    pose = (np.array(frame['transform_matrix'])@blender2opencv)\n",
    "    # print(len(pose))\n",
    "    all_poses.append(pose)\n",
    "    \n",
    "    # cameras[relative_path] = {'pose': pose, 'intrinsics': intrinsics, 'scene-name': os.path.basename(scene_folder_path),\\\n",
    "    #     'pc_csv':pc_relative_path}\\\n",
    "PREDEFINED_POSES = torch.tensor(np.stack(all_poses))\n",
    "PREDEFINED_POSES\n",
    "\n",
    "        "
   ]
  },
  {
   "cell_type": "code",
   "execution_count": 6,
   "metadata": {},
   "outputs": [
    {
     "name": "stdout",
     "output_type": "stream",
     "text": [
      "B073WRF565\n",
      "B07QHJZDH4\n",
      "B07B4ZPGY3\n",
      "B07MBFDRY5\n",
      "B07DBHGJ15\n",
      "B07B8RYY41\n",
      "B07DBB1NJ1\n",
      "B07TFFF6V4\n",
      "B07B4YY8H3\n",
      "B00WRDS8H0\n",
      "B07MBFDWY5\n",
      "B07DBCMTD3\n",
      "B072LXZ653\n",
      "B07TP5MKP3\n",
      "B07DBHCKK5\n",
      "B07GDZ8HN6\n",
      "B07QC76NM2\n",
      "B07QJM4QK6\n",
      "B07W6NTK71\n",
      "B07B78G443\n",
      "B07QHMYBJ5\n",
      "B072JC6WL3\n",
      "B0825DWB31\n",
      "B07B4Z6JZ4\n",
      "B075Z96KX3\n",
      "B075X2G512\n",
      "B07QGHTCY4\n",
      "B07BWJCVK3\n",
      "B07B4GVRM3\n",
      "B07CF7B5S2\n",
      "B00IIFW2L4\n",
      "B0853P1X94\n",
      "B0719H3LG2\n",
      "B075X2XZF4\n",
      "B07B4VSTG2\n",
      "B07ML7J584\n",
      "B07MBF93P1\n",
      "B07MF1RKM3\n",
      "B07WBYQQ84\n",
      "B07DBHB6D4\n",
      "B071S5RLR6\n",
      "B07MF1S1Z2\n",
      "B07TF9MY62\n",
      "B07MF1RQV5\n",
      "B07K8V2SX3\n",
      "B075X3S2Z6\n",
      "B075X3S2Z5\n",
      "B07DBJX741\n",
      "B07JKTRKT3\n",
      "B075X1TB14\n",
      "B07MK6LHG2\n",
      "B07HKGHTC1\n",
      "B07HK85S41\n",
      "B07QGG5263\n",
      "B07F3XM8M3\n",
      "B07QBQD983\n",
      "B0716DKHS1\n",
      "B07MBFDJQ3\n",
      "B073772DH1\n",
      "B07K7NQR23\n",
      "B075X3S2Z1\n",
      "B07DBCN4C2\n",
      "B07B4DB6Z4\n",
      "B07HKCJPJ3\n",
      "B07BL1NYC4\n",
      "B07HKFRV55\n",
      "B075X3S2X5\n",
      "B075HR1XB1\n",
      "B075X2NLK5\n",
      "B073NZT573\n",
      "B075X2LLX3\n",
      "B07MF1SN52\n",
      "B07P5LLX43\n",
      "B0742DNY41\n",
      "B073G947W3\n",
      "B07GFRKNR1\n",
      "B07ML7M196\n",
      "B07B4M6933\n",
      "B0719FLQP3\n",
      "B07DTLWMN5\n",
      "B07B4Z9BS4\n",
      "B07DT4GYP3\n",
      "B07QHJZ794\n",
      "B07B813LW1\n",
      "B07B4XK5V3\n",
      "B07DT153M1\n",
      "B07GG1Z4J3\n",
      "B07MBFDHP1\n",
      "B07374K536\n",
      "B07MBFG1D2\n",
      "B07QJXMX23\n",
      "B07HK3HJ15\n",
      "B07HKGY4F2\n",
      "B073P19B53\n",
      "B07K4ZCQC3\n",
      "B07HK67M71\n",
      "B07MHMSDJ5\n",
      "B07B4YHFR3\n",
      "B07MBFF196\n",
      "B07B4ZC524\n",
      "B073P2N985\n",
      "B07B4YHYR2\n",
      "B07MHMJD43\n",
      "B07B8P1J64\n",
      "B07Q5SBTK5\n",
      "B07JCDQWM6\n",
      "B07MF1RNW1\n",
      "B075HRFFQ3\n",
      "B084RZVHD2\n"
     ]
    }
   ],
   "source": [
    "### filter those not completed data generation\n",
    "\n",
    "source = '/home/xuyi/Data/renderer/output_abo'\n",
    "# completed_data_f = open('completed.txt', 'w')\n",
    "train_data = 'abo_512_train.txt'\n",
    "val_data = 'abo_512_val.txt'\n",
    "train_f = open(train_data, 'w')\n",
    "val_f = open(val_data, 'w')\n",
    "all_data=os.listdir(source)\n",
    "# val_i = all_data//\n",
    "val_i=100\n",
    "for i, folder in enumerate(all_data):\n",
    "    try:\n",
    "        sample_len=len(os.listdir(os.path.join(source,folder,'sample')))\n",
    "        render_len=len(os.listdir(os.path.join(source,folder,'render')))\n",
    "        if render_len <302 or sample_len < 2:\n",
    "            print(folder)     \n",
    "        else:\n",
    "            # completed_data_f.writelines([f'{folder}\\n'])\n",
    "            if i%val_i == 0:\n",
    "                val_f.writelines([f'{folder}\\n'])\n",
    "            else:\n",
    "                train_f.writelines([f'{folder}\\n'])\n",
    "            pass\n",
    "    except:\n",
    "        pass\n",
    "\n",
    "# completed_data_f.close()\n",
    "train_f.close()\n",
    "val_f.close()"
   ]
  },
  {
   "cell_type": "code",
   "execution_count": 1,
   "metadata": {},
   "outputs": [
    {
     "name": "stdout",
     "output_type": "stream",
     "text": [
      "1351\n",
      "14\n"
     ]
    },
    {
     "data": {
      "text/plain": [
       "1365"
      ]
     },
     "execution_count": 1,
     "metadata": {},
     "output_type": "execute_result"
    }
   ],
   "source": [
    "# with open('completed.txt') as f:\n",
    "#     scans = [line.rstrip() for line in f.readlines()]\n",
    "# print(len(scans))\n",
    "\n",
    "all_data = []\n",
    "resolution=512\n",
    "for split in ['train', 'val']:\n",
    "    with open(os.path.join('/home/xuyi/Data/renderer/output_abo', 'meta', f'abo_{resolution}_{split}.txt')) as f:\n",
    "        scans = [line.rstrip() for line in f.readlines()]\n",
    "        print(len(scans))\n",
    "        all_data += scans\n",
    "len(all_data)\n"
   ]
  },
  {
   "cell_type": "code",
   "execution_count": 4,
   "metadata": {},
   "outputs": [],
   "source": [
    "import torch\n",
    "swapping_prob = 0.3\n",
    "gen_c = torch.rand([5,10])\n",
    "pc_dim=8\n",
    "c_swapped = torch.roll(gen_c.clone(), 1, 0)\n",
    "c_gen_conditioning = torch.where(torch.rand([], device=gen_c.device) < swapping_prob, c_swapped, gen_c)"
   ]
  },
  {
   "cell_type": "code",
   "execution_count": 7,
   "metadata": {},
   "outputs": [
    {
     "data": {
      "text/plain": [
       "torch.Size([5, 8])"
      ]
     },
     "execution_count": 7,
     "metadata": {},
     "output_type": "execute_result"
    }
   ],
   "source": [
    "gen_c = torch.rand([5,10])\n",
    "pc_dim=8\n",
    "gen_c[:,-8:].shape"
   ]
  },
  {
   "cell_type": "markdown",
   "metadata": {},
   "source": []
  },
  {
   "cell_type": "code",
   "execution_count": 5,
   "metadata": {},
   "outputs": [
    {
     "data": {
      "text/plain": [
       "(-0.4, 0.4)"
      ]
     },
     "execution_count": 5,
     "metadata": {},
     "output_type": "execute_result"
    }
   ],
   "source": [
    "data = pd.read_csv(csv_f)\n",
    "data = data[['x','y','z','r','g','b','a', 'metallic','roughness']].values.astype(np.float32)\n",
    "data.shape #numpy array\n",
    "data[:,:3].min(), data[:,:3].max()"
   ]
  },
  {
   "cell_type": "code",
   "execution_count": 6,
   "metadata": {},
   "outputs": [
    {
     "data": {
      "text/plain": [
       "<bound method ZipFile.close of <zipfile.ZipFile filename='read_data.zip' mode='w'>>"
      ]
     },
     "execution_count": 6,
     "metadata": {},
     "output_type": "execute_result"
    }
   ],
   "source": [
    "import os\n",
    "import io\n",
    "import csv\n",
    "import zipfile\n",
    "from typing import Callable, Optional, Tuple, Union\n",
    "pc_array = data\n",
    "archive_fname = '00000/img00000000.png'\n",
    "archive_root_dir = ''\n",
    "dest = 'read_data.zip'\n",
    "zf = zipfile.ZipFile(file=dest, mode='w', compression=zipfile.ZIP_STORED)\n",
    "def zip_write_bytes(fname: str, data: Union[bytes, str]):\n",
    "    # st()\n",
    "    zf.writestr(fname, data)\n",
    "def zip_write_csv(fname: str, data: Union[bytes, str]):\n",
    "    # st()\n",
    "    zf.writestr(fname, data)\n",
    "\n",
    "archive_fname_pc = archive_fname.replace('img', 'pc').replace('png', 'csv')\n",
    "pc_fname = os.path.join(archive_root_dir, archive_fname_pc)\n",
    "# os.makedirs(os.path.dirname(pc_fname), exist_ok=True)\n",
    "# np.savetxt(pc_fname, pc_array, delimiter=\",\")\n",
    "# pc_bits = io.BytesIO()\n",
    "string_buffer = io.StringIO()\n",
    "writer = csv.writer(string_buffer)\n",
    "for row in pc_array:\n",
    "    # print(row)\n",
    "    writer.writerow(row)\n",
    "zip_write_csv(os.path.join(archive_root_dir, archive_fname_pc), string_buffer.getvalue())\n",
    "zf.close\n"
   ]
  },
  {
   "cell_type": "code",
   "execution_count": null,
   "metadata": {},
   "outputs": [],
   "source": [
    "'B07B4MHTG1', 'B07B4MF6P2', 'B07RTZ54B1', 'B075X4F3Z2', 'B07JL5QBC2', 'B075YPKYM1', 'B073NZGLT1', 'B07DYK2Y61'"
   ]
  },
  {
   "cell_type": "code",
   "execution_count": 34,
   "metadata": {},
   "outputs": [],
   "source": [
    "_path = '/home/xuyi/Repo/eg3d/dataset_preprocessing/abo/read_data.zip'\n",
    "zf_reopen = zipfile.ZipFile(_path)\n",
    "# os.path.isdir(_path)\n",
    "_all_fnames = set(zf_reopen.namelist())\n",
    "_all_fnames\n",
    "fname = [i for i in _all_fnames][0]\n",
    "fname\n",
    "with zf_reopen.open(fname, 'r') as f:\n",
    "    # if pyspng is not None and self._file_ext(fname) == '.png':\n",
    "    #     image = pyspng.load(f.read())\n",
    "    # else:\n",
    "        # image = np.array(PIL.Image.open(f))\n",
    "    df = pd.read_csv(f, header=None)\n",
    "    pc_array = df.values.astype(np.float32)\n"
   ]
  },
  {
   "cell_type": "code",
   "execution_count": 51,
   "metadata": {},
   "outputs": [
    {
     "data": {
      "text/plain": [
       "True"
      ]
     },
     "execution_count": 51,
     "metadata": {},
     "output_type": "execute_result"
    }
   ],
   "source": [
    "(df.values.astype(np.float32)).shape\n",
    "\n",
    "np.empty([3,3]).shape == (3,3)"
   ]
  },
  {
   "cell_type": "code",
   "execution_count": null,
   "metadata": {},
   "outputs": [],
   "source": []
  },
  {
   "cell_type": "code",
   "execution_count": 1,
   "metadata": {},
   "outputs": [],
   "source": [
    "import json\n",
    "import os\n",
    "def list_recursive(folderpath):\n",
    "    return [os.path.join(folderpath, filename) for filename in os.listdir(folderpath)]\n",
    "dataset_path = '/home/xuyi/Data/renderer/output_abo'"
   ]
  },
  {
   "cell_type": "code",
   "execution_count": 8,
   "metadata": {},
   "outputs": [
    {
     "name": "stdout",
     "output_type": "stream",
     "text": [
      "B01IJ5A2UA/sample/pc.csv\n",
      "B01N6AQX0A/sample/pc.csv\n",
      "B01D3C7Z4A/sample/pc.csv\n"
     ]
    }
   ],
   "source": [
    "cameras = {}\n",
    "blender2opencv = np.array([[1, 0, 0, 0], [0, -1, 0, 0], [0, 0, -1, 0], [0, 0, 0, 1]])\n",
    "\n",
    "for scene_folder_path in list_recursive(dataset_path):\n",
    "        if not os.path.isdir(scene_folder_path): continue\n",
    "\n",
    "        # st() # the sibling folder with rgb should be mesh>: no, only intrinsics and pose\n",
    "        \n",
    "        pointcloud_csv = os.path.join(scene_folder_path,'sample', f\"pc.csv\")\n",
    "        assert os.path.isfile(pointcloud_csv)\n",
    "        pc_relative_path = os.path.relpath(pointcloud_csv, dataset_path)\n",
    "        print(pc_relative_path)\n",
    "        \n",
    "        with open(os.path.join(scene_folder_path,'render', f\"transforms.json\"), 'r') as f:\n",
    "                meta = json.load(f)\n",
    "        # print(meta.keys()) ['camera_angle_x', 'frames']\n",
    "        # print(meta ['frames'][0]['file_path']) \n",
    "\n",
    "        w, h = 512, 512\n",
    "        focal = .5 * w / np.tan(0.5 * meta['camera_angle_x'])\n",
    "        intrinsic_for_all = np.array([[focal, 0, w / 2], [0, focal, h / 2], [0, 0, 1]])\n",
    "\n",
    "        # continue\n",
    "        # for rgb_path in list_recursive(os.path.join(scene_folder_path, 'render')):\n",
    "        for frame in meta ['frames']:\n",
    "            rgb_path = frame['file_path']\n",
    "            relative_path = os.path.relpath(rgb_path, dataset_path)\n",
    "            # print(relative_path)\n",
    "            \n",
    "            intrinsics = intrinsic_for_all.tolist()\n",
    "            pose = (np.array(frame['transform_matrix'])@blender2opencv).tolist()\n",
    "            # print(len(pose))\n",
    "            \n",
    "            \n",
    "            cameras[relative_path] = {'pose': pose, 'intrinsics': intrinsics, 'scene-name': os.path.basename(scene_folder_path),\\\n",
    "                'pc_csv':pc_relative_path}\n",
    "            # if DEBUG:\n",
    "            #     break"
   ]
  },
  {
   "cell_type": "code",
   "execution_count": 5,
   "metadata": {},
   "outputs": [
    {
     "data": {
      "text/plain": [
       "numpy.ndarray"
      ]
     },
     "execution_count": 5,
     "metadata": {},
     "output_type": "execute_result"
    }
   ],
   "source": [
    "data = pd.read_csv(csv)\n",
    "vertices_pos = data[['x','y','z','r','g,']].values.astype(np.float32)\n",
    "type(vertices_pos)\n"
   ]
  },
  {
   "cell_type": "code",
   "execution_count": 9,
   "metadata": {},
   "outputs": [],
   "source": [
    "dataset = {'labels':[]}\n",
    "source = dataset_path\n",
    "max_images = len(cameras)\n",
    "for i, filename in enumerate(cameras):\n",
    "    if (max_images is not None and i >= max_images): break\n",
    "\n",
    "    pose = np.array(cameras[filename]['pose'])\n",
    "    intrinsics = np.array(cameras[filename]['intrinsics'])\n",
    "    label = np.concatenate([pose.reshape(-1), intrinsics.reshape(-1)]).tolist()\n",
    "        \n",
    "    image_path = os.path.join(source, filename)\n",
    "    dataset[\"labels\"].append([filename, label])"
   ]
  },
  {
   "cell_type": "code",
   "execution_count": 10,
   "metadata": {},
   "outputs": [
    {
     "data": {
      "text/plain": [
       "[['B01IJ5A2UA/render/r_0',\n",
       "  [-1.0,\n",
       "   0.0,\n",
       "   0.0,\n",
       "   0.0,\n",
       "   0.0,\n",
       "   0.9283531308174133,\n",
       "   -0.3716994822025299,\n",
       "   0.6318891644477844,\n",
       "   0.0,\n",
       "   -0.3716995418071747,\n",
       "   -0.9283530712127686,\n",
       "   1.578200340270996,\n",
       "   0.0,\n",
       "   0.0,\n",
       "   0.0,\n",
       "   1.0,\n",
       "   711.1110599640117,\n",
       "   0.0,\n",
       "   256.0,\n",
       "   0.0,\n",
       "   711.1110599640117,\n",
       "   256.0,\n",
       "   0.0,\n",
       "   0.0,\n",
       "   1.0]],\n",
       " ['B01IJ5A2UA/render/r_1',\n",
       "  [-0.9685832262039185,\n",
       "   -0.2308720350265503,\n",
       "   0.09243789315223694,\n",
       "   -0.1571444272994995,\n",
       "   -0.24868987500667572,\n",
       "   0.8991873264312744,\n",
       "   -0.3600218594074249,\n",
       "   0.612037181854248,\n",
       "   0.0,\n",
       "   -0.37169939279556274,\n",
       "   -0.9283530712127686,\n",
       "   1.578200340270996,\n",
       "   0.0,\n",
       "   0.0,\n",
       "   0.0,\n",
       "   1.0,\n",
       "   711.1110599640117,\n",
       "   0.0,\n",
       "   256.0,\n",
       "   0.0,\n",
       "   711.1110599640117,\n",
       "   256.0,\n",
       "   0.0,\n",
       "   0.0,\n",
       "   1.0]],\n",
       " ['B01IJ5A2UA/render/r_2',\n",
       "  [-0.8763066530227661,\n",
       "   -0.4467415511608124,\n",
       "   0.18030120432376862,\n",
       "   -0.3065120577812195,\n",
       "   -0.4817536473274231,\n",
       "   0.8126199245452881,\n",
       "   -0.32796669006347656,\n",
       "   0.5575433969497681,\n",
       "   0.0,\n",
       "   -0.374260276556015,\n",
       "   -0.9273236989974976,\n",
       "   1.5764503479003906,\n",
       "   0.0,\n",
       "   0.0,\n",
       "   0.0,\n",
       "   1.0,\n",
       "   711.1110599640117,\n",
       "   0.0,\n",
       "   256.0,\n",
       "   0.0,\n",
       "   711.1110599640117,\n",
       "   256.0,\n",
       "   0.0,\n",
       "   0.0,\n",
       "   1.0]],\n",
       " ['B01IJ5A2UA/render/r_3',\n",
       "  [-0.728968620300293,\n",
       "   -0.63266521692276,\n",
       "   0.2614181935787201,\n",
       "   -0.44441089034080505,\n",
       "   -0.6845471262931824,\n",
       "   0.6737200021743774,\n",
       "   -0.2783820927143097,\n",
       "   0.47324952483177185,\n",
       "   0.0,\n",
       "   -0.3818848431110382,\n",
       "   -0.9242098927497864,\n",
       "   1.5711567401885986,\n",
       "   0.0,\n",
       "   0.0,\n",
       "   0.0,\n",
       "   1.0,\n",
       "   711.1110599640117,\n",
       "   0.0,\n",
       "   256.0,\n",
       "   0.0,\n",
       "   711.1110599640117,\n",
       "   256.0,\n",
       "   0.0,\n",
       "   0.0,\n",
       "   1.0]],\n",
       " ['B01IJ5A2UA/render/r_4',\n",
       "  [-0.5358268022537231,\n",
       "   -0.7758848667144775,\n",
       "   0.33300474286079407,\n",
       "   -0.5661081075668335,\n",
       "   -0.844327986240387,\n",
       "   0.49239152669906616,\n",
       "   -0.21133123338222504,\n",
       "   0.3592631220817566,\n",
       "   -1.4901162970204496e-08,\n",
       "   -0.39440208673477173,\n",
       "   -0.9189379215240479,\n",
       "   1.562194585800171,\n",
       "   0.0,\n",
       "   0.0,\n",
       "   0.0,\n",
       "   1.0,\n",
       "   711.1110599640117,\n",
       "   0.0,\n",
       "   256.0,\n",
       "   0.0,\n",
       "   711.1110599640117,\n",
       "   256.0,\n",
       "   0.0,\n",
       "   0.0,\n",
       "   1.0]],\n",
       " ['B01IJ5A2UA/render/r_5',\n",
       "  [-0.30901700258255005,\n",
       "   -0.8667895197868347,\n",
       "   0.39138779044151306,\n",
       "   -0.6653592586517334,\n",
       "   -0.9510565400123596,\n",
       "   0.2816369831562042,\n",
       "   -0.12716959416866302,\n",
       "   0.21618832647800446,\n",
       "   -7.450581485102248e-09,\n",
       "   -0.4115295112133026,\n",
       "   -0.9113963842391968,\n",
       "   1.549373984336853,\n",
       "   0.0,\n",
       "   0.0,\n",
       "   0.0,\n",
       "   1.0,\n",
       "   711.1110599640117,\n",
       "   0.0,\n",
       "   256.0,\n",
       "   0.0,\n",
       "   711.1110599640117,\n",
       "   256.0,\n",
       "   0.0,\n",
       "   0.0,\n",
       "   1.0]],\n",
       " ['B01IJ5A2UA/render/r_6',\n",
       "  [-0.06279049813747406,\n",
       "   -0.8996737003326416,\n",
       "   0.432023823261261,\n",
       "   -0.7344405651092529,\n",
       "   -0.9980267286300659,\n",
       "   0.056602656841278076,\n",
       "   -0.0271806288510561,\n",
       "   0.04620707035064697,\n",
       "   1.862645149230957e-09,\n",
       "   -0.43287795782089233,\n",
       "   -0.9014524817466736,\n",
       "   1.5324692726135254,\n",
       "   0.0,\n",
       "   0.0,\n",
       "   0.0,\n",
       "   1.0,\n",
       "   711.1110599640117,\n",
       "   0.0,\n",
       "   256.0,\n",
       "   0.0,\n",
       "   711.1110599640117,\n",
       "   256.0,\n",
       "   0.0,\n",
       "   0.0,\n",
       "   1.0]],\n",
       " ['B01IJ5A2UA/render/r_7',\n",
       "  [0.18738128244876862,\n",
       "   -0.8732262849807739,\n",
       "   0.44984909892082214,\n",
       "   -0.764743447303772,\n",
       "   -0.9822872281074524,\n",
       "   -0.1665768027305603,\n",
       "   0.08581329882144928,\n",
       "   -0.14588260650634766,\n",
       "   -7.450580152834618e-09,\n",
       "   -0.45796069502830505,\n",
       "   -0.8889724016189575,\n",
       "   1.511252999305725,\n",
       "   0.0,\n",
       "   0.0,\n",
       "   0.0,\n",
       "   1.0,\n",
       "   711.1110599640117,\n",
       "   0.0,\n",
       "   256.0,\n",
       "   0.0,\n",
       "   711.1110599640117,\n",
       "   256.0,\n",
       "   0.0,\n",
       "   0.0,\n",
       "   1.0]],\n",
       " ['B01IJ5A2UA/render/r_8',\n",
       "  [0.42577940225601196,\n",
       "   -0.7906787991523743,\n",
       "   0.43993061780929565,\n",
       "   -0.7478820085525513,\n",
       "   -0.9048269987106323,\n",
       "   -0.37206530570983887,\n",
       "   0.20701570808887482,\n",
       "   -0.35192668437957764,\n",
       "   0.0,\n",
       "   -0.48620399832725525,\n",
       "   -0.8738452792167664,\n",
       "   1.4855369329452515,\n",
       "   0.0,\n",
       "   0.0,\n",
       "   0.0,\n",
       "   1.0,\n",
       "   711.1110599640117,\n",
       "   0.0,\n",
       "   256.0,\n",
       "   0.0,\n",
       "   711.1110599640117,\n",
       "   256.0,\n",
       "   0.0,\n",
       "   0.0,\n",
       "   1.0]],\n",
       " ['B01IJ5A2UA/render/r_9',\n",
       "  [0.6374241709709167,\n",
       "   -0.6595649719238281,\n",
       "   0.3983269929885864,\n",
       "   -0.6771558523178101,\n",
       "   -0.7705129981040955,\n",
       "   -0.5456399321556091,\n",
       "   0.3295249342918396,\n",
       "   -0.560192346572876,\n",
       "   1.4901160305669237e-08,\n",
       "   -0.5169631838798523,\n",
       "   -0.8560075759887695,\n",
       "   1.4552128314971924,\n",
       "   0.0,\n",
       "   0.0,\n",
       "   0.0,\n",
       "   1.0,\n",
       "   711.1110599640117,\n",
       "   0.0,\n",
       "   256.0,\n",
       "   0.0,\n",
       "   711.1110599640117,\n",
       "   256.0,\n",
       "   0.0,\n",
       "   0.0,\n",
       "   1.0]],\n",
       " ['B01IJ5A2UA/render/r_10',\n",
       "  [0.8090170621871948,\n",
       "   -0.49107447266578674,\n",
       "   0.32301270961761475,\n",
       "   -0.549121618270874,\n",
       "   -0.5877850651741028,\n",
       "   -0.6759063601493835,\n",
       "   0.4445890784263611,\n",
       "   -0.7558014988899231,\n",
       "   0.0,\n",
       "   -0.549542248249054,\n",
       "   -0.8354659080505371,\n",
       "   1.4202921390533447,\n",
       "   0.0,\n",
       "   0.0,\n",
       "   0.0,\n",
       "   1.0,\n",
       "   711.1110599640117,\n",
       "   0.0,\n",
       "   256.0,\n",
       "   0.0,\n",
       "   711.1110599640117,\n",
       "   256.0,\n",
       "   0.0,\n",
       "   0.0,\n",
       "   1.0]],\n",
       " ['B01IJ5A2UA/render/r_11',\n",
       "  [0.9297766089439392,\n",
       "   -0.29903343319892883,\n",
       "   0.21469616889953613,\n",
       "   -0.3649834990501404,\n",
       "   -0.36812418699264526,\n",
       "   -0.7552731037139893,\n",
       "   0.5422612428665161,\n",
       "   -0.9218441247940063,\n",
       "   0.0,\n",
       "   -0.5832167267799377,\n",
       "   -0.8123165965080261,\n",
       "   1.3809382915496826,\n",
       "   0.0,\n",
       "   0.0,\n",
       "   0.0,\n",
       "   1.0,\n",
       "   711.1110599640117,\n",
       "   0.0,\n",
       "   256.0,\n",
       "   0.0,\n",
       "   711.1110599640117,\n",
       "   256.0,\n",
       "   0.0,\n",
       "   0.0,\n",
       "   1.0]],\n",
       " ['B01IJ5A2UA/render/r_12',\n",
       "  [0.9921147227287292,\n",
       "   -0.0986066609621048,\n",
       "   0.07736290246248245,\n",
       "   -0.1315169334411621,\n",
       "   -0.12533271312713623,\n",
       "   -0.7805553078651428,\n",
       "   0.6123929619789124,\n",
       "   -1.0410679578781128,\n",
       "   0.0,\n",
       "   -0.6172602772712708,\n",
       "   -0.7867591381072998,\n",
       "   1.337490439414978,\n",
       "   0.0,\n",
       "   0.0,\n",
       "   0.0,\n",
       "   1.0,\n",
       "   711.1110599640117,\n",
       "   0.0,\n",
       "   256.0,\n",
       "   0.0,\n",
       "   711.1110599640117,\n",
       "   256.0,\n",
       "   0.0,\n",
       "   0.0,\n",
       "   1.0]],\n",
       " ['B01IJ5A2UA/render/r_13',\n",
       "  [0.9921146631240845,\n",
       "   0.09514132142066956,\n",
       "   -0.08158866316080093,\n",
       "   0.1387007087469101,\n",
       "   0.12533387541770935,\n",
       "   -0.7531171441078186,\n",
       "   0.6458374261856079,\n",
       "   -1.0979235172271729,\n",
       "   7.450580596923828e-09,\n",
       "   -0.650970458984375,\n",
       "   -0.759103000164032,\n",
       "   1.2904748916625977,\n",
       "   0.0,\n",
       "   0.0,\n",
       "   0.0,\n",
       "   1.0,\n",
       "   711.1110599640117,\n",
       "   0.0,\n",
       "   256.0,\n",
       "   0.0,\n",
       "   711.1110599640117,\n",
       "   256.0,\n",
       "   0.0,\n",
       "   0.0,\n",
       "   1.0]],\n",
       " ['B01IJ5A2UA/render/r_14',\n",
       "  [0.9297762513160706,\n",
       "   0.2686455249786377,\n",
       "   -0.25168582797050476,\n",
       "   0.4278659224510193,\n",
       "   0.36812520027160645,\n",
       "   -0.6785197854042053,\n",
       "   0.6356844902038574,\n",
       "   -1.0806636810302734,\n",
       "   -2.9802322387695312e-08,\n",
       "   -0.6836962699890137,\n",
       "   -0.7297666668891907,\n",
       "   1.2406034469604492,\n",
       "   0.0,\n",
       "   0.0,\n",
       "   0.0,\n",
       "   1.0,\n",
       "   711.1110599640117,\n",
       "   0.0,\n",
       "   256.0,\n",
       "   0.0,\n",
       "   711.1110599640117,\n",
       "   256.0,\n",
       "   0.0,\n",
       "   0.0,\n",
       "   1.0]],\n",
       " ['B01IJ5A2UA/render/r_15',\n",
       "  [0.8090165257453918,\n",
       "   0.4110202491283417,\n",
       "   -0.42018404603004456,\n",
       "   0.7143128514289856,\n",
       "   0.5877858996391296,\n",
       "   -0.5657198429107666,\n",
       "   0.5783327221870422,\n",
       "   -0.9831656217575073,\n",
       "   0.0,\n",
       "   -0.7148589491844177,\n",
       "   -0.6992686986923218,\n",
       "   1.1887567043304443,\n",
       "   0.0,\n",
       "   0.0,\n",
       "   0.0,\n",
       "   1.0,\n",
       "   711.1110599640117,\n",
       "   0.0,\n",
       "   256.0,\n",
       "   0.0,\n",
       "   711.1110599640117,\n",
       "   256.0,\n",
       "   0.0,\n",
       "   0.0,\n",
       "   1.0]],\n",
       " ['B01IJ5A2UA/render/r_16',\n",
       "  [0.637423574924469,\n",
       "   0.5148655772209167,\n",
       "   -0.5732404589653015,\n",
       "   0.9745088815689087,\n",
       "   0.7705137133598328,\n",
       "   -0.425933301448822,\n",
       "   0.47422516345977783,\n",
       "   -0.8061828017234802,\n",
       "   1.4901164746561335e-08,\n",
       "   -0.7439718842506409,\n",
       "   -0.6682108640670776,\n",
       "   1.1359585523605347,\n",
       "   0.0,\n",
       "   0.0,\n",
       "   0.0,\n",
       "   1.0,\n",
       "   711.1110599640117,\n",
       "   0.0,\n",
       "   256.0,\n",
       "   0.0,\n",
       "   711.1110599640117,\n",
       "   256.0,\n",
       "   0.0,\n",
       "   0.0,\n",
       "   1.0]],\n",
       " ['B01IJ5A2UA/render/r_17',\n",
       "  [0.42577868700027466,\n",
       "   0.5766082406044006,\n",
       "   -0.6973059177398682,\n",
       "   1.185420036315918,\n",
       "   0.9048274159431458,\n",
       "   -0.27133074402809143,\n",
       "   0.3281266391277313,\n",
       "   -0.5578152537345886,\n",
       "   -1.4901161193847656e-08,\n",
       "   -0.7706508040428162,\n",
       "   -0.6372576951980591,\n",
       "   1.0833380222320557,\n",
       "   0.0,\n",
       "   0.0,\n",
       "   0.0,\n",
       "   1.0,\n",
       "   711.1110599640117,\n",
       "   0.0,\n",
       "   256.0,\n",
       "   0.0,\n",
       "   711.1110599640117,\n",
       "   256.0,\n",
       "   0.0,\n",
       "   0.0,\n",
       "   1.0]],\n",
       " ['B01IJ5A2UA/render/r_18',\n",
       "  [0.18738046288490295,\n",
       "   0.5963560342788696,\n",
       "   -0.780543327331543,\n",
       "   1.3269237279891968,\n",
       "   0.9822873473167419,\n",
       "   -0.11376047879457474,\n",
       "   0.14889590442180634,\n",
       "   -0.25312304496765137,\n",
       "   -7.450580152834618e-09,\n",
       "   -0.7946180105209351,\n",
       "   -0.607109546661377,\n",
       "   1.0320862531661987,\n",
       "   0.0,\n",
       "   0.0,\n",
       "   0.0,\n",
       "   1.0,\n",
       "   711.1110599640117,\n",
       "   0.0,\n",
       "   256.0,\n",
       "   0.0,\n",
       "   711.1110599640117,\n",
       "   256.0,\n",
       "   0.0,\n",
       "   0.0,\n",
       "   1.0]],\n",
       " ['B01IJ5A2UA/render/r_19',\n",
       "  [-0.06279150396585464,\n",
       "   0.5773343443870544,\n",
       "   -0.814089834690094,\n",
       "   1.3839528560638428,\n",
       "   0.9980267286300659,\n",
       "   0.036323368549346924,\n",
       "   -0.051218997687101364,\n",
       "   0.08707230538129807,\n",
       "   -1.862645149230957e-09,\n",
       "   -0.8156995177268982,\n",
       "   -0.5784757733345032,\n",
       "   0.9834089279174805,\n",
       "   0.0,\n",
       "   0.0,\n",
       "   0.0,\n",
       "   1.0,\n",
       "   711.1110599640117,\n",
       "   0.0,\n",
       "   256.0,\n",
       "   0.0,\n",
       "   711.1110599640117,\n",
       "   256.0,\n",
       "   0.0,\n",
       "   0.0,\n",
       "   1.0]],\n",
       " ['B01IJ5A2UA/render/r_20',\n",
       "  [-0.3090180456638336,\n",
       "   0.5250285863876343,\n",
       "   -0.7930024266242981,\n",
       "   1.3481042385101318,\n",
       "   0.951056182384491,\n",
       "   0.1705927550792694,\n",
       "   -0.2576630711555481,\n",
       "   0.4380272328853607,\n",
       "   0.0,\n",
       "   -0.833812415599823,\n",
       "   -0.5520479083061218,\n",
       "   0.9384814500808716,\n",
       "   0.0,\n",
       "   0.0,\n",
       "   0.0,\n",
       "   1.0,\n",
       "   711.1110599640117,\n",
       "   0.0,\n",
       "   256.0,\n",
       "   0.0,\n",
       "   711.1110599640117,\n",
       "   256.0,\n",
       "   0.0,\n",
       "   0.0,\n",
       "   1.0]],\n",
       " ['B01IJ5A2UA/render/r_21',\n",
       "  [-0.5358278155326843,\n",
       "   0.4462044835090637,\n",
       "   -0.7167914509773254,\n",
       "   1.2185455560684204,\n",
       "   0.8443272709846497,\n",
       "   0.2831707298755646,\n",
       "   -0.4548909068107605,\n",
       "   0.7733145952224731,\n",
       "   0.0,\n",
       "   -0.8489498496055603,\n",
       "   -0.5284733772277832,\n",
       "   0.8984048366546631,\n",
       "   0.0,\n",
       "   0.0,\n",
       "   0.0,\n",
       "   1.0,\n",
       "   711.1110599640117,\n",
       "   0.0,\n",
       "   256.0,\n",
       "   0.0,\n",
       "   711.1110599640117,\n",
       "   256.0,\n",
       "   0.0,\n",
       "   0.0,\n",
       "   1.0]],\n",
       " ['B01IJ5A2UA/render/r_22',\n",
       "  [-0.7289694547653198,\n",
       "   0.3479785919189453,\n",
       "   -0.5895034074783325,\n",
       "   1.0021559000015259,\n",
       "   0.6845460534095764,\n",
       "   0.37056055665016174,\n",
       "   -0.6277590394020081,\n",
       "   1.067190408706665,\n",
       "   1.4901161193847656e-08,\n",
       "   -0.8611595034599304,\n",
       "   -0.508334755897522,\n",
       "   0.8641691207885742,\n",
       "   0.0,\n",
       "   0.0,\n",
       "   0.0,\n",
       "   1.0,\n",
       "   711.1110599640117,\n",
       "   0.0,\n",
       "   256.0,\n",
       "   0.0,\n",
       "   711.1110599640117,\n",
       "   256.0,\n",
       "   0.0,\n",
       "   0.0,\n",
       "   1.0]],\n",
       " ['B01IJ5A2UA/render/r_23',\n",
       "  [-0.8763073086738586,\n",
       "   0.23708508908748627,\n",
       "   -0.41937580704689026,\n",
       "   0.7129388451576233,\n",
       "   0.4817523956298828,\n",
       "   0.4312576353549957,\n",
       "   -0.7628443241119385,\n",
       "   1.2968353033065796,\n",
       "   0.0,\n",
       "   -0.8705213665962219,\n",
       "   -0.4921306073665619,\n",
       "   0.8366219997406006,\n",
       "   0.0,\n",
       "   0.0,\n",
       "   0.0,\n",
       "   1.0,\n",
       "   711.1110599640117,\n",
       "   0.0,\n",
       "   256.0,\n",
       "   0.0,\n",
       "   711.1110599640117,\n",
       "   256.0,\n",
       "   0.0,\n",
       "   0.0,\n",
       "   1.0]],\n",
       " ['B01IJ5A2UA/render/r_24',\n",
       "  [-0.9685835838317871,\n",
       "   0.11943555623292923,\n",
       "   -0.21813085675239563,\n",
       "   0.3708224892616272,\n",
       "   0.24868841469287872,\n",
       "   0.46517375111579895,\n",
       "   -0.8495690226554871,\n",
       "   1.4442673921585083,\n",
       "   0.0,\n",
       "   -0.8771252036094666,\n",
       "   -0.48026183247566223,\n",
       "   0.8164451718330383,\n",
       "   0.0,\n",
       "   0.0,\n",
       "   0.0,\n",
       "   1.0,\n",
       "   711.1110599640117,\n",
       "   0.0,\n",
       "   256.0,\n",
       "   0.0,\n",
       "   711.1110599640117,\n",
       "   256.0,\n",
       "   0.0,\n",
       "   0.0,\n",
       "   1.0]],\n",
       " ['B01IJ5A2UA/render/r_25',\n",
       "  [-1.0,\n",
       "   -7.59368504077429e-07,\n",
       "   1.4144011402095202e-06,\n",
       "   -2.4044818474067142e-06,\n",
       "   -1.6053569424911984e-06,\n",
       "   0.47302156686782837,\n",
       "   -0.8810508847236633,\n",
       "   1.4977864027023315,\n",
       "   5.6843412084544437e-14,\n",
       "   -0.8810508251190186,\n",
       "   -0.47302162647247314,\n",
       "   0.8041367530822754,\n",
       "   0.0,\n",
       "   0.0,\n",
       "   0.0,\n",
       "   1.0,\n",
       "   711.1110599640117,\n",
       "   0.0,\n",
       "   256.0,\n",
       "   0.0,\n",
       "   711.1110599640117,\n",
       "   256.0,\n",
       "   0.0,\n",
       "   0.0,\n",
       "   1.0]],\n",
       " ['B01IJ5A2UA/render/r_26',\n",
       "  [-0.9685827493667603,\n",
       "   -0.11703130602836609,\n",
       "   0.21943369507789612,\n",
       "   -0.37303730845451355,\n",
       "   -0.24869152903556824,\n",
       "   0.45580363273620605,\n",
       "   -0.8546318411827087,\n",
       "   1.4528741836547852,\n",
       "   7.450581485102248e-09,\n",
       "   -0.882352888584137,\n",
       "   -0.47058820724487305,\n",
       "   0.800000011920929,\n",
       "   0.0,\n",
       "   0.0,\n",
       "   0.0,\n",
       "   1.0,\n",
       "   711.1110599640117,\n",
       "   0.0,\n",
       "   256.0,\n",
       "   0.0,\n",
       "   711.1110599640117,\n",
       "   256.0,\n",
       "   0.0,\n",
       "   0.0,\n",
       "   1.0]],\n",
       " ['B01IJ5A2UA/render/r_27',\n",
       "  [-0.8763058185577393,\n",
       "   -0.22788068652153015,\n",
       "   0.42445090413093567,\n",
       "   -0.7215664982795715,\n",
       "   -0.4817553162574768,\n",
       "   0.41451162099838257,\n",
       "   -0.7720699906349182,\n",
       "   1.3125189542770386,\n",
       "   1.4901161193847656e-08,\n",
       "   -0.8810508251190186,\n",
       "   -0.47302162647247314,\n",
       "   0.8041367530822754,\n",
       "   0.0,\n",
       "   0.0,\n",
       "   0.0,\n",
       "   1.0,\n",
       "   711.1110599640117,\n",
       "   0.0,\n",
       "   256.0,\n",
       "   0.0,\n",
       "   711.1110599640117,\n",
       "   256.0,\n",
       "   0.0,\n",
       "   0.0,\n",
       "   1.0]],\n",
       " ['B01IJ5A2UA/render/r_28',\n",
       "  [-0.7289673089981079,\n",
       "   -0.32876256108283997,\n",
       "   0.6004347801208496,\n",
       "   -1.0207390785217285,\n",
       "   -0.684548556804657,\n",
       "   0.3500951826572418,\n",
       "   -0.6393955945968628,\n",
       "   1.0869724750518799,\n",
       "   1.4901159417490817e-08,\n",
       "   -0.8771252036094666,\n",
       "   -0.480261892080307,\n",
       "   0.8164451718330383,\n",
       "   0.0,\n",
       "   0.0,\n",
       "   0.0,\n",
       "   1.0,\n",
       "   711.1110599640117,\n",
       "   0.0,\n",
       "   256.0,\n",
       "   0.0,\n",
       "   711.1110599640117,\n",
       "   256.0,\n",
       "   0.0,\n",
       "   0.0,\n",
       "   1.0]],\n",
       " ['B01IJ5A2UA/render/r_29',\n",
       "  [-0.5358250737190247,\n",
       "   -0.4155201017856598,\n",
       "   0.7350064516067505,\n",
       "   -1.2495110034942627,\n",
       "   -0.8443290591239929,\n",
       "   0.2636958956718445,\n",
       "   -0.4664471745491028,\n",
       "   0.7929602265357971,\n",
       "   0.0,\n",
       "   -0.8705213665962219,\n",
       "   -0.4921305477619171,\n",
       "   0.8366219997406006,\n",
       "   0.0,\n",
       "   0.0,\n",
       "   0.0,\n",
       "   1.0,\n",
       "   711.1110599640117,\n",
       "   0.0,\n",
       "   256.0,\n",
       "   0.0,\n",
       "   711.1110599640117,\n",
       "   256.0,\n",
       "   0.0,\n",
       "   0.0,\n",
       "   1.0]],\n",
       " ['B01IJ5A2UA/render/r_30',\n",
       "  [-0.3090149462223053,\n",
       "   -0.4834554195404053,\n",
       "   0.819011926651001,\n",
       "   -1.3923203945159912,\n",
       "   -0.9510571956634521,\n",
       "   0.15708304941654205,\n",
       "   -0.2661111652851105,\n",
       "   0.45238903164863586,\n",
       "   0.0,\n",
       "   -0.8611595034599304,\n",
